input_study_accession	observed_number_of_edges	count_random	fdr
GCST006085	12	44	0.0412371134020619
GCST002087	1	53	0.0496719775070291
GCST000139	2	0	0
GCST004862	9	0	0
GCST002738	2	4	0.00374882849109653
GCST005536	5	1	0.000937207122774133
GCST003092	10	0	0
GCST000151	1	12	0.0112464854732896
GCST002535	2	0	0
GCST005830	17	0	0
GCST000144	1	29	0.0271790065604499
GCST002031	1	39	0.0365510777881912
GCST000207	8	0	0
GCST004750	4	15	0.014058106841612
GCST001100	6	0	0
GCST004902	7	0	0
GCST002223	17	0	0
GCST005075	1	21	0.0196813495782568
GCST000424	3	1	0.000937207122774133
GCST000132	6	0	0
GCST003522	3	0	0
GCST002068	2	0	0
GCST001571	1	1	0.000937207122774133
GCST002897	8	0	0
GCST002216	5	0	0
GCST004785	12	0	0
GCST004145	1	25	0.0234301780693533
GCST002647	29	32	0.0299906279287723
GCST002679	3	0	0
GCST001049	1	28	0.0262417994376757
GCST005992	10	17	0.0159325210871603
GCST005964	5	0	0
GCST004613	26	2	0.00187441424554827
GCST001725	46	0	0
GCST003216	1	33	0.0309278350515464
GCST005038	56	0	0
GCST003360	8	0	0
GCST002030	1	49	0.0459231490159325
GCST001938	1	7	0.00656044985941893
GCST000763	1	2	0.00187441424554827
GCST002078	1	8	0.00749765698219306
GCST000971	1	26	0.0243673851921275
GCST000282	4	0	0
GCST002562	6	0	0
GCST004625	46	0	0
GCST005580	49	2	0.00187441424554827
GCST002544	3	2	0.00187441424554827
GCST004009	1	22	0.0206185567010309
GCST000303	1	7	0.00656044985941893
GCST004617	59	0	0
GCST002073	12	0	0
GCST000584	1	1	0.000937207122774133
GCST000678	1	6	0.0056232427366448
GCST003976	5	0	0
GCST002772	3	0	0
GCST000992	3	0	0
GCST000466	2	0	0
GCST000687	6	0	0
GCST003390	5	0	0
GCST004146	9	0	0
GCST001578	3	0	0
GCST000418	2	0	0
GCST005359	1	0	0
GCST004950	6	7	0.00656044985941893
GCST004572	6	0	0
GCST001863	3	0	0
GCST003928	1	13	0.0121836925960637
GCST001260	1	0	0
GCST002083	3	0	0
GCST006014	4	5	0.00468603561387067
GCST004608	44	0	0
GCST004207	5	0	0
GCST004619	35	19	0.0178069353327085
GCST006005	15	0	0
GCST000288	2	5	0.00468603561387067
GCST000758	2	47	0.0440487347703843
GCST002678	3	1	0.000937207122774133
GCST004749	7	0	0
GCST003129	13	0	0
GCST000225	2	0	0
GCST001237	2	0	0
GCST000780	1	7	0.00656044985941893
GCST002221	27	0	0
GCST002331	2	2	0.00187441424554827
GCST002585	1	7	0.00656044985941893
GCST000879	16	0	0
GCST005109	1	6	0.0056232427366448
GCST005982	1	16	0.0149953139643861
GCST001144	3	0	0
GCST001364	1	26	0.0243673851921275
GCST001005	1	20	0.0187441424554827
GCST005312	18	1	0.000937207122774133
GCST000719	1	33	0.0309278350515464
GCST002374	1	16	0.0149953139643861
GCST003602	1	23	0.0215557638238051
GCST000829	1	32	0.0299906279287723
GCST000974	1	3	0.0028116213683224
GCST000906	1	10	0.00937207122774133
GCST000806	1	2	0.00187441424554827
GCST004142	2	38	0.0356138706654171
GCST005990	13	4	0.00374882849109653
GCST000503	4	2	0.00187441424554827
GCST004878	5	0	0
GCST004866	2	0	0
GCST005981	1	14	0.0131208997188379
GCST006017	5	0	0
GCST006003	17	0	0
GCST002879	4	0	0
GCST004612	37	21	0.0196813495782568
GCST001900	1	1	0.000937207122774133
GCST001652	2	21	0.0196813495782568
GCST004606	69	0	0
GCST000134	3	0	0
GCST004628	15	1	0.000937207122774133
GCST004833	6	0	0
GCST001729	2	27	0.0253045923149016
GCST002680	3	0	0
GCST000383	1	21	0.0196813495782568
GCST004623	48	0	0
GCST004745	1	0	0
GCST000668	1	8	0.00749765698219306
GCST001603	1	1	0.000937207122774133
GCST000408	1	4	0.00374882849109653
GCST003658	1	14	0.0131208997188379
GCST000030	1	0	0
GCST000045	1	0	0
GCST004861	24	0	0
GCST000290	3	0	0
GCST006034	11	0	0
GCST005014	16	0	0
GCST001253	1	19	0.0178069353327085
GCST005171	3	0	0
GCST002500	13	0	0
GCST001043	1	27	0.0253045923149016
GCST005606	13	0	0
GCST003683	1	9	0.0084348641049672
GCST001215	1	7	0.00656044985941893
GCST005568	3	15	0.014058106841612
GCST005790	5	2	0.00187441424554827
GCST002898	13	0	0
GCST005013	5	0	0
GCST004605	11	22	0.0206185567010309
GCST003156	12	0	0
GCST002480	1	7	0.00656044985941893
GCST004161	1	10	0.00937207122774133
GCST002245	4	2	0.00187441424554827
GCST004121	3	37	0.0346766635426429
GCST002586	2	3	0.0028116213683224
GCST000495	3	11	0.0103092783505155
GCST004030	1	47	0.0440487347703843
GCST002021	1	12	0.0112464854732896
GCST005524	1	9	0.0084348641049672
GCST002322	2	1	0.000937207122774133
GCST002316	1	0	0
GCST004599	69	0	0
GCST001465	1	30	0.028116213683224
GCST004614	28	0	0
GCST004863	13	0	0
GCST002222	21	0	0
GCST002534	1	4	0.00374882849109653
GCST005581	4	1	0.000937207122774133
GCST006002	1	31	0.0290534208059981
GCST001902	1	0	0
GCST003845	2	20	0.0187441424554827
GCST001058	1	3	0.0028116213683224
GCST000817	22	21	0.0196813495782568
GCST000945	1	5	0.00468603561387067
GCST005832	1	8	0.00749765698219306
GCST003251	1	2	0.00187441424554827
GCST004347	2	9	0.0084348641049672
GCST004621	46	0	0
GCST005776	1	3	0.0028116213683224
GCST001526	2	3	0.0028116213683224
GCST004209	6	0	0
GCST001474	1	19	0.0178069353327085
GCST003269	1	19	0.0178069353327085
GCST005997	2	3	0.0028116213683224
GCST004571	6	1	0.000937207122774133
GCST004457	1	3	0.0028116213683224
GCST004603	92	0	0
GCST002896	12	0	0
GCST004633	28	0	0
GCST005113	1	1	0.000937207122774133
GCST003215	2	0	0
GCST004611	38	21	0.0196813495782568
GCST000984	2	1	0.000937207122774133
GCST001627	1	3	0.0028116213683224
GCST000568	1	48	0.0449859418931584
GCST003266	1	10	0.00937207122774133
GCST005531	29	0	0
GCST000851	1	11	0.0103092783505155
GCST000964	9	0	0
GCST004626	27	0	0
GCST001937	9	0	0
GCST005076	3	6	0.0056232427366448
GCST005009	12	0	0
GCST004632	22	19	0.0178069353327085
GCST000546	1	13	0.0121836925960637
GCST004602	87	4	0.00374882849109653
GCST000460	1	27	0.0253045923149016
GCST005983	2	40	0.0374882849109653
GCST005005	16	0	0
GCST000760	10	0	0
GCST004460	1	40	0.0374882849109653
GCST000054	1	36	0.0337394564198688
GCST004627	30	8	0.00749765698219306
GCST005527	22	0	0
GCST000322	4	0	0
GCST004630	68	0	0
GCST003267	1	10	0.00937207122774133
GCST000135	2	0	0
GCST000174	2	3	0.0028116213683224
GCST004165	1	2	0.00187441424554827
GCST005526	1	13	0.0121836925960637
GCST004433	6	18	0.0168697282099344
GCST002297	1	10	0.00937207122774133
GCST005350	1	23	0.0215557638238051
GCST000287	3	0	0
GCST000833	2	12	0.0112464854732896
GCST003270	2	0	0
GCST003217	3	0	0
GCST000243	1	13	0.0121836925960637
GCST002808	5	0	0
GCST002233	1	1	0.000937207122774133
GCST000793	1	1	0.000937207122774133
GCST006016	2	5	0.00468603561387067
GCST005987	11	0	0
GCST000506	1	11	0.0103092783505155
GCST004609	59	0	0
GCST005980	1	22	0.0206185567010309
GCST004616	50	0	0
GCST000679	2	25	0.0234301780693533
GCST004746	2	0	0
GCST002261	1	0	0
GCST001183	5	0	0
GCST002686	1	0	0
GCST004600	72	0	0
GCST004629	28	0	0
GCST000562	3	0	0
GCST005008	1	0	0
GCST004634	10	0	0
GCST000755	6	0	0
GCST000667	3	0	0
GCST000439	1	3	0.0028116213683224
GCST002899	11	0	0
GCST000803	4	0	0
GCST001341	6	0	0
GCST004302	4	1	0.000937207122774133
GCST005993	12	13	0.0121836925960637
GCST006018	1	42	0.0393626991565136
GCST004618	8	10	0.00937207122774133
GCST000623	1	52	0.0487347703842549
GCST004999	1	3	0.0028116213683224
GCST000285	4	0	0
GCST005542	1	7	0.00656044985941893
GCST000502	1	30	0.028116213683224
GCST006004	6	0	0
GCST002829	2	0	0
GCST000042	1	16	0.0149953139643861
GCST004867	2	18	0.0168697282099344
GCST005827	1	31	0.0290534208059981
GCST000133	1	4	0.00374882849109653
GCST002084	1	19	0.0178069353327085
GCST003814	1	26	0.0243673851921275
GCST002217	2	0	0
GCST000733	1	18	0.0168697282099344
GCST000759	8	1	0.000937207122774133
GCST003520	1	17	0.0159325210871603
GCST001198	7	0	0
GCST004748	9	1	0.000937207122774133
